1
0.8238
0.7292
0.6679
0.6144
0.5874
0.5649
0.5576
0.5355
0.524
0.5161
0.5108
0.5081
0.5054
0.5042
0.4987
0.4999
0.5021
0.5164
0.5127
0.5169
0.5132
0.505
0.5019
0.4968
0.4984
0.4947
0.5081
0.5114
0.5022
0.4987
0.5048
0.5064
0.505
0.5074
0.513
0.5082
0.5188
0.5114
0.505
0.4976
0.4983
0.502
0.4895
0.4904
0.4877
0.4974
0.5052
0.5078
0.5067
0.5048
0.5006
0.504
0.4916
0.4966
0.5051
0.4982
0.5046
0.5084
0.5036
0.5011
0.503
0.5035
0.4995
0.4927
0.5006
0.5007
0.4969
0.5023
0.5073
0.5083
0.5136
0.5111
0.5048
0.4981
0.5026
0.4984
0.4993
0.4955
0.4826
0.4877
0.4908
0.4973
0.5007
0.498
0.4961
0.4924
0.4836
0.4899
0.4881
0.496
0.4942
0.5014
0.5071
0.5084
0.5121
0.5132
0.5063
0.5015
0.5001
0.4954
0.4964
0.4965
0.5065
0.5014
0.4991
0.493
0.4908
0.4951
0.495
0.4903
0.4785
0.4909
0.502
0.4995
0.4973
0.505
0.5083
0.5066
0.5075
0.5053
0.5046
0.5022
0.5031
0.5051
0.5043
0.5009
0.5016
0.5011
0.5012
0.4995
0.5035
0.4998
0.4973
0.5029
0.498
0.4977
0.4951
0.4955
0.4913
0.4906
0.5028
0.5056
0.5036
0.5015
0.5061
0.5089
0.5089
0.5054
0.5029
0.505
0.506
0.5003
0.4953
0.499
0.5027
0.505
0.4955
0.4932
0.4952
0.5035
0.5017
0.5033
0.5032
0.5057
0.4964
0.499
0.4972
0.5012
0.5093
0.5001
0.4993
0.5008
0.4965
0.4877
0.4828
0.4939
0.4938
0.4891
0.4987
0.5012
0.5061
0.499
0.495
0.4988
0.4974
0.4997
0.5048
0.5073
0.5116
0.5131
0.5146
0.5148
0.518
0.5244
0.5264
0.5266
0.5117
0.5086
0.5137
0.5056
0.4957
0.4933
0.4936
0.496
0.5005
0.5073
0.5011
0.5053
0.5092
0.501
0.4791
0.4838
0.4919
0.4876
0.4935
0.487
0.4868
0.4852
0.489
0.4821
0.4834
0.4875
0.4925
0.4923
0.4992
0.5065
0.5069
0.5122
0.5081
0.5048
0.5032
0.4991
0.4979
0.5013
0.5033
0.5059
0.4991
0.503
0.5044
0.5043
0.501
0.4953
0.4919
0.5042
0.498
0.4969
0.4964
0.503
0.5074
0.5086
0.5013
0.5012
0.5013
0.5036
0.4946
0.5041
0.5065
0.5067
0.5056
0.5025
0.506
0.5062
0.5075
0.5156
0.5072
0.5063
0.5062
0.5078
0.4992
0.5007
0.4971
0.4977
0.5003
0.4985
0.4963
0.5019
0.5088
0.5046
0.508
0.5098
0.5067
0.5094
0.5098
0.5108
0.5077
0.499
0.5068
0.5031
0.5007
0.5069
0.5077
0.5066
0.5099
0.512
0.4989
0.4904
0.4874
0.4911
0.4898
0.493
0.4969
0.4921
0.4896
0.4977
0.4977
0.4947
0.489
0.494
0.497
0.5004
0.4947
0.4902
0.4917
0.4984
0.5002
0.5033
0.4971
0.4912
0.4889
0.4957
0.4996
0.4993
0.5005
0.5
0.503
0.5053
0.5136
0.5114
0.5089
0.5163
0.5155
0.5156
0.5052
0.4971
0.4963
0.5006
0.5023
0.506
0.5075
0.5099
0.5115
0.5071
0.496
0.4906
0.5019
0.5044
0.5001
0.5003
0.4969
0.5002
0.4985
0.5098
0.5066
0.499
0.4968
0.5009
0.5025
0.5045
0.4946
0.5036
0.5104
0.5139
0.5124
0.5061
0.5066
0.5054
0.5104
0.5099
0.4951
0.496
0.5059
0.5009
0.4922
0.4926
0.4983
0.5038
0.5052
0.5026
0.4998
0.5012
0.4971
0.5067
0.5041
0.5044
0.5015
0.5025
0.5049
0.5019
0.5078
0.5064
0.4989
0.4963
0.5025
0.4961
0.5051
0.5063
0.5051
0.4919
0.494
0.5017
0.5059
0.496
0.4969
0.5
0.5048
0.5019
0.5012
0.5047
0.5069
0.51
0.4898
0.5001
0.5017
0.504
0.4946
0.4934
0.4997
0.5018
0.5039
0.5057
0.5054
0.5046
0.5121
0.5051
0.4971
0.503
0.504
0.4974
0.5001
0.4987
0.5078
0.5041
0.4988
0.4993
0.4907
0.4914
0.4912
0.5062
0.5041
0.4995
0.5014
0.5101
0.5144
0.5094
0.5075
0.4995
0.4968
0.4977
0.4982
0.5013
0.5102
0.5123
0.504
0.5054
0.5008
0.5052
0.509
0.5089
0.4998
0.4946
0.4913
0.4941
0.491
0.49
0.4862
0.4909
0.4923
0.4985
0.4929
0.4976
0.4944
0.4777
0.4853
0.4899
0.4943
0.492
0.4913
0.4969
0.4907
0.4962
0.4924
0.5021
0.4993
0.4909
0.4958
0.4855
0.4861
0.494
0.4931
0.4913
0.4893
0.4869
0.4879
0.5012
0.4906
0.4973
0.5031
0.5083
0.5083
0.508
0.5052
0.5074
0.4944
0.497
0.5016
0.4921
0.4927
0.4984
0.4963
0.5064
0.5081
0.5057
0.4996
0.5085
0.5035
0.5015
0.507
0.503
0.5021
0.5033
0.5147
0.5007
0.494
0.49
0.4856
0.4888
0.4883
0.491
0.4829
0.4919
0.4934
0.5081
0.5053
0.5009
0.4951
0.4933
0.497
0.4987
0.5031
0.5084
0.501
0.506
0.5093
0.5095
0.5088
0.5121
0.5142
0.5174
0.5111
0.5081
0.5077
0.5065
0.5009
0.4967
0.497
0.4952
0.494
0.4903
0.492
0.4952
0.495
0.4999
0.5042
0.5059
0.508
0.5108
0.5128
0.5048
0.5065
0.5002
0.503
0.503
0.5008
0.495
0.4979
0.4994
0.5013
0.505
0.5039
0.5045
0.5029
0.4993
0.4987
0.4921
0.4964
0.4947
0.4976
0.5001
0.5079
0.5101
0.5058
0.5067
0.5163
0.5038
0.4959
0.4923
0.4827
0.4961
0.495
0.497
0.4979
0.4935
0.4881
0.4935
0.4992
0.5
0.4988
0.5026
0.5067
0.4977
0.4936
0.492
0.4949
0.4896
0.4897
0.4929
0.4977
0.5028
0.4969
0.4988
0.4968
0.4964
0.5003
0.4943
0.4832
0.4804
0.4779
0.4767
0.4861
0.4954
0.4886
0.4856
0.492
0.4986
0.4961
0.4884
0.4929
0.4857
0.4843
0.4877
0.4845
0.4919
0.485
0.4963
0.5051
0.505
0.4997
0.5027
0.5021
0.5004
0.4957
0.5036
0.5013
0.499
0.5012
0.5009
0.4976
0.4946
0.5025
0.4954
0.4907
0.5008
0.4949
0.4957
0.4997
0.5039
0.502
0.5006
0.4876
0.4941
0.4937
0.4865
0.49
0.5017
0.5045
0.5053
0.5067
0.4998
0.4856
0.4893
0.4866
0.4859
0.4841
0.4783
0.485
0.4883
0.4839
0.4921
0.4984
0.5012
0.5016
0.4927
0.4968
0.5024
0.5088
0.5133
0.5155
0.5122
0.5137
0.5073
0.5101
0.5045
0.506
0.5059
0.4997
0.5
0.4912
0.4904
0.4938
0.494
0.4984
0.506
0.5046
0.5039
0.5064
0.5029
0.5011
0.5032
0.5054
0.5023
0.504
0.5004
0.5008
0.4873
0.4879
0.4849
0.4975
0.5
0.4964
0.5039
0.4957
0.4902
0.4923
0.5031
0.5015
0.5043
0.5155
0.506
0.5107
0.5078
0.5116
0.5064
0.5105
0.5032
0.4963
0.4966
0.4995
0.5093
0.5054
0.5133
0.5096
0.5116
0.5117
0.5011
0.495
0.4929
0.498
0.5072
0.5199
0.5157
0.508
0.4988
0.4926
0.4901
0.4963
0.4982
0.4922
0.4846
0.4771
0.4889
0.4868
0.489
0.4825
0.4939
0.4938
0.4916
0.4968
0.4994
0.504
0.5065
0.5054
0.5037
0.512
0.5066
0.5052
0.499
0.4983
0.4937
0.5053
0.5005
0.4963
0.4956
0.4933
0.4902
0.4866
0.4926
0.4858
0.4937
0.4972
0.4949
0.4968
0.4929
0.5009
0.4859
0.4933
0.4947
0.4995
0.5018
0.5007
0.4976
0.4959
0.4964
0.4999
0.5002
0.4985
0.5
0.5019
0.5021
0.4989
0.5042
0.5024
0.5083
0.4972
0.5033
0.502
0.5045
0.5045
0.5029
0.501
0.506
0.5058
0.5036
0.5085
0.5017
0.5106
0.5056
0.504
0.5083
0.5071
0.5137
0.5072
0.5022
0.5071
0.5081
0.5075
0.5095
0.5128
0.5141
0.5125
0.507
0.5102
0.5101
0.5092
0.5105
0.5051
0.4976
0.5032
0.4979
0.5014
0.5024
0.499
0.4949
0.4996
0.4989
0.4998
0.5032
0.4991
0.4925
0.5015
0.497
0.4976
0.4878
0.4822
0.4915
0.4934
0.4978
0.4935
0.4856
0.4891
0.4968
0.4938
0.4903
0.493
0.4951
0.4947
0.4944
0.4894
0.4957
0.4901
0.4946
0.4939
0.495
0.4889
0.4905
0.4937
0.4909
0.4963
0.4992
0.5072
0.5075
0.5042
0.5107
0.5129
0.5086
0.5079
0.501
0.4986
0.496
0.4915
0.4939
0.493
0.4942
0.4991
0.4947
0.4908
0.498
0.4944
0.4957
0.5028
0.5057
0.5079
0.5124
0.5181
0.5078
0.5024
0.4934
0.4909
0.4868
0.4883
0.4978
0.4972
0.4965
0.5042
0.498
0.4894
0.4878
0.5003
0.5012
0.5065
0.5063
0.5136
0.5142
0.5151
0.5146
0.5086
0.4979
0.4986
0.5074
0.4996
0.5009
0.4964
0.5019
0.4994
0.4949
0.5042
0.5052
0.5073
0.5136
0.5106
0.5085
0.5006
0.4997
0.4945
0.4978
0.5001
0.4997
0.4953
0.4996
0.5002
0.5038
0.502
0.5047
0.5016
0.4999
0.5057
0.5059
0.5032
0.5087
0.5124
0.5155
0.5175
0.5174
0.5096
0.5075
0.5049
0.4992
0.4917
0.492
0.4932
0.4904
0.4934
0.4966
0.4888
0.4943
0.4894
0.4924
0.4895
0.4948
0.4916
0.4873
